自分用メモ

const board: number[][] = Array(9).fill(null).map(() => Array(9).fill(0));
Array(rows)：長さが9の空の配列を作成。
.fill(null)：空の配列を値で埋めるために、一時的にnullで埋める。これで.map()を使える。
.map(() => Array(9).fill(0))：各行に対して長さが9の配列を作り、その配列を0で埋めます。
2行目の実行結果↓
[
  [0, 0, 0, 0, 0, 0, 0, 0, 0],
  [0, 0, 0, 0, 0, 0, 0, 0, 0],
  [0, 0, 0, 0, 0, 0, 0, 0, 0],
  [0, 0, 0, 0, 0, 0, 0, 0, 0],
  [0, 0, 0, 0, 0, 0, 0, 0, 0],
  [0, 0, 0, 0, 0, 0, 0, 0, 0],
  [0, 0, 0, 0, 0, 0, 0, 0, 0],
  [0, 0, 0, 0, 0, 0, 0, 0, 0],
  [0, 0, 0, 0, 0, 0, 0, 0, 0],
]

